31 223
31 222
31 221
32 220
33 219
34 218
35 218
36 217
37 216
37 215
37 214
36 213
36 212
36 211
36 210
37 209
37 208
37 207
38 206
38 205
38 204
39 203
40 202
41 201
42 200
43 199
44 198
45 197
46 196
47 195
48 194
49 194
50 193
51 192
52 191
53 191
54 190
55 189
56 189
57 188
58 187
59 187
60 186
61 186
62 185
63 185
64 184
65 184
66 184
67 184
68 183
69 183
70 182
71 182
72 182
73 181
74 181
75 181
76 181
77 181
78 180
79 180
80 180
81 180
82 179
83 179
84 178
85 178
86 178
87 178
88 178
89 177
90 177
91 177
92 177
93 176
94 176
95 176
96 176
97 176
98 176
99 176
100 175
101 175
102 175
103 175
104 175
105 175
106 175
107 175
108 175
109 175
110 175
111 175
112 174
113 174
114 174
115 174
116 174
117 174
118 174
119 174
120 174
121 174
122 174
123 174
124 174
125 174
126 174
127 174
128 174
129 174
130 174
131 174
132 174
133 174
134 174
135 174
136 174
137 174
138 174
139 174
140 174
141 174
142 174
143 174
144 175
145 175
146 175
147 175
148 175
149 175
150 175
151 176
152 176
153 176
154 176
155 177
156 177
157 177
158 177
159 177
160 177
161 177
162 178
163 178
164 178
165 179
166 179
167 179
168 179
169 179
170 180
171 180
172 181
173 181
174 181
175 182
176 182
177 182
178 183
179 184
180 184
181 184
182 185
183 186
184 186
185 186
186 187
187 187
188 188
189 189
190 189
191 190
192 191
193 191
194 192
195 192
196 193
197 193
198 194
199 195
200 196
201 196
202 197
203 197
204 198
205 199
206 199
207 200
208 201
209 202
210 203
211 203
212 203
213 204
214 205
215 206
216 207
217 208
218 208
219 209
220 210
221 211
222 211
223 212
224 213
225 214
226 215
227 216
228 217
229 218
230 218
231 219
232 220
233 221
234 222
235 223
236 223
237 224